{
 "cells": [
  {
   "cell_type": "markdown",
   "metadata": {},
   "source": [
    "# importing library"
   ]
  },
  {
   "cell_type": "code",
   "execution_count": 4,
   "metadata": {},
   "outputs": [],
   "source": [
    "import numpy as np\n",
    "import matplotlib.pyplot as plt\n",
    "import pandas as pd\n",
    "import math\n",
    "import time\n",
    "import datetime\n",
    "from numpy import nan\n",
    "from sklearn.datasets import load_iris\n",
    "from sklearn.feature_selection import SelectKBest\n",
    "from sklearn.feature_selection import chi2\n",
    "\n",
    "%matplotlib inline\n",
    "from matplotlib.pylab import rcParams"
   ]
  },
  {
   "cell_type": "code",
   "execution_count": 5,
   "metadata": {},
   "outputs": [],
   "source": [
    "# function to get read the csv file\n",
    "\n",
    "def create_dataframe(filepath):\n",
    "    test = pd.read_csv(filepath) # here the given csv file is reading\n",
    "    return test\n",
    "\n",
    "# filepath = 'E:/University of Bremen MSc/masters_thesis/IAT_sebastian/dataset_26_april_3.csv'\n",
    "filepath = '/media/atif/BE0E05910E0543BD/University of Bremen MSc/masters_thesis/IAT_sebastian/dataset_26_april_3.csv'\n",
    "initial_dataframe = create_dataframe(filepath)"
   ]
  },
  {
   "cell_type": "code",
   "execution_count": 6,
   "metadata": {
    "scrolled": true
   },
   "outputs": [
    {
     "name": "stderr",
     "output_type": "stream",
     "text": [
      "/home/atif/myenv/lib/python3.5/site-packages/ipykernel_launcher.py:8: FutureWarning: Method .as_matrix will be removed in a future version. Use .values instead.\n",
      "  \n"
     ]
    }
   ],
   "source": [
    "# function for converting timestamp to unixtime and return the ready dataframe\n",
    "\n",
    "def conversion_timestamp_to_unixtime(initial_dataframe):\n",
    "    ''' now conversion of timestamp to unixtime will start. In the csv file the column name of\n",
    "    timestamp is longtime.'''\n",
    "    \n",
    "    longTime = initial_dataframe.loc[0:,['longTime']]\n",
    "    longTime = longTime.as_matrix()\n",
    "    a = []\n",
    "    date_time_array = []\n",
    "    for k in longTime:\n",
    "        a = np.append(a,k)\n",
    "    str_time = []\n",
    "    correct_longtime = []\n",
    "    datetime_time = []\n",
    "    count = 0\n",
    "    \n",
    "    for b in a:\n",
    "        b = int(b) # make plain integer\n",
    "        str_b = str(b)\n",
    "        c = str_b[-3:]\n",
    "        new_str_b = str_b.replace(c, '',1)\n",
    "        new_str_b_time = int(new_str_b)\n",
    "        correct_longtime.append(new_str_b_time)\n",
    "        now_time = datetime.datetime.fromtimestamp(new_str_b_time)\n",
    "        convert_time = now_time.strftime('%Y-%m-%d %H:%M')\n",
    "        str_time.append(convert_time)\n",
    "    test_new = initial_dataframe.assign(stringTime=str_time,correct_longtime=correct_longtime) # here new column in the panda dataframe for string_time has added\n",
    "    test_new['dateTime'] =  pd.to_datetime(test_new['stringTime'], format='%Y-%m-%d %H:%M')\n",
    "    test_new = test_new.drop(['longTime','stringTime','correct_longtime'], axis=1)\n",
    "    \n",
    "    return test_new\n",
    "\n",
    "test_new = conversion_timestamp_to_unixtime(initial_dataframe)"
   ]
  },
  {
   "cell_type": "code",
   "execution_count": null,
   "metadata": {
    "scrolled": true
   },
   "outputs": [],
   "source": [
    "# # It will print the type of value of each column\n",
    "# long_time = test_new.correct_longtime\n",
    "# print(type(long_time))\n",
    "# string_time = test_new.stringTime\n",
    "# print(type(string_time))"
   ]
  },
  {
   "cell_type": "code",
   "execution_count": null,
   "metadata": {},
   "outputs": [],
   "source": [
    "# if you want to ceate some datetime column in different format then you need stringtime(maybe).\n",
    "# then in the previous conversion_timestamp_to_unixtime function just return stringtime\n",
    "\n",
    "# test_new['dateTime'] =  pd.to_datetime(test_new['stringTime'], format='%Y-%m-%d %H:%M')\n",
    "# test_new['dateTime_column'] =  pd.to_datetime(test_new['stringTime'], format='%Y-%m-%d %H:%M')"
   ]
  },
  {
   "cell_type": "code",
   "execution_count": null,
   "metadata": {},
   "outputs": [],
   "source": [
    "# making dateTime column as a index for the test_new panda dataframe\n",
    "# test_new = test_new.set_index('dateTime')"
   ]
  },
  {
   "cell_type": "code",
   "execution_count": 7,
   "metadata": {
    "scrolled": false
   },
   "outputs": [
    {
     "data": {
      "text/html": [
       "<div>\n",
       "<style scoped>\n",
       "    .dataframe tbody tr th:only-of-type {\n",
       "        vertical-align: middle;\n",
       "    }\n",
       "\n",
       "    .dataframe tbody tr th {\n",
       "        vertical-align: top;\n",
       "    }\n",
       "\n",
       "    .dataframe thead th {\n",
       "        text-align: right;\n",
       "    }\n",
       "</style>\n",
       "<table border=\"1\" class=\"dataframe\">\n",
       "  <thead>\n",
       "    <tr style=\"text-align: right;\">\n",
       "      <th></th>\n",
       "      <th>row ID</th>\n",
       "      <th>AEAGHOAWE2T1</th>\n",
       "      <th>AEAGHOAWE2A0</th>\n",
       "      <th>AEAGHOAWE2T0</th>\n",
       "      <th>AEAGHOAWE1A0</th>\n",
       "      <th>AEAGHOAWE1T1</th>\n",
       "      <th>AEAGHOAWE1T0</th>\n",
       "      <th>AEAGHOAWE3T0</th>\n",
       "      <th>AEAGHOAWE3A0</th>\n",
       "      <th>AEAGHOAWE3T1</th>\n",
       "      <th>...</th>\n",
       "      <th>RWWIHOT7_RV0</th>\n",
       "      <th>RWWIHOT8_RV0</th>\n",
       "      <th>RWWIHOT9_RV0</th>\n",
       "      <th>RWWIHOT10RV0</th>\n",
       "      <th>RWWIHOTSURV0</th>\n",
       "      <th>RWWIHOTSUMV0</th>\n",
       "      <th>RWWIHO_VERV0</th>\n",
       "      <th>RWWIHO_UESV0</th>\n",
       "      <th>RWWIHOSUMAV0</th>\n",
       "      <th>dateTime</th>\n",
       "    </tr>\n",
       "  </thead>\n",
       "  <tbody>\n",
       "    <tr>\n",
       "      <th>0</th>\n",
       "      <td>Row0</td>\n",
       "      <td>74.451979</td>\n",
       "      <td>19.111606</td>\n",
       "      <td>98.371549</td>\n",
       "      <td>18.819155</td>\n",
       "      <td>93.337524</td>\n",
       "      <td>69.969526</td>\n",
       "      <td>95.445534</td>\n",
       "      <td>7.802471</td>\n",
       "      <td>57.766387</td>\n",
       "      <td>...</td>\n",
       "      <td>92.632593</td>\n",
       "      <td>44.620461</td>\n",
       "      <td>22.338103</td>\n",
       "      <td>75.685755</td>\n",
       "      <td>73.945394</td>\n",
       "      <td>0.000000</td>\n",
       "      <td>0.000000</td>\n",
       "      <td>0.000000</td>\n",
       "      <td>0.000000</td>\n",
       "      <td>2019-04-15 08:52:00</td>\n",
       "    </tr>\n",
       "    <tr>\n",
       "      <th>1</th>\n",
       "      <td>Row1</td>\n",
       "      <td>73.933103</td>\n",
       "      <td>18.088026</td>\n",
       "      <td>98.186038</td>\n",
       "      <td>18.943335</td>\n",
       "      <td>92.869960</td>\n",
       "      <td>69.969526</td>\n",
       "      <td>95.445534</td>\n",
       "      <td>12.856953</td>\n",
       "      <td>58.231774</td>\n",
       "      <td>...</td>\n",
       "      <td>82.082055</td>\n",
       "      <td>53.182296</td>\n",
       "      <td>26.967692</td>\n",
       "      <td>75.685755</td>\n",
       "      <td>66.649583</td>\n",
       "      <td>56.385432</td>\n",
       "      <td>68.734584</td>\n",
       "      <td>9.127668</td>\n",
       "      <td>2.275890</td>\n",
       "      <td>2019-04-15 08:51:00</td>\n",
       "    </tr>\n",
       "    <tr>\n",
       "      <th>2</th>\n",
       "      <td>Row2</td>\n",
       "      <td>73.471742</td>\n",
       "      <td>25.843589</td>\n",
       "      <td>98.371549</td>\n",
       "      <td>33.166077</td>\n",
       "      <td>92.343799</td>\n",
       "      <td>69.969526</td>\n",
       "      <td>95.628479</td>\n",
       "      <td>21.591973</td>\n",
       "      <td>58.231774</td>\n",
       "      <td>...</td>\n",
       "      <td>82.098144</td>\n",
       "      <td>53.029243</td>\n",
       "      <td>26.851837</td>\n",
       "      <td>75.685755</td>\n",
       "      <td>66.587330</td>\n",
       "      <td>56.402658</td>\n",
       "      <td>68.853203</td>\n",
       "      <td>9.136596</td>\n",
       "      <td>2.275735</td>\n",
       "      <td>2019-04-15 08:50:00</td>\n",
       "    </tr>\n",
       "    <tr>\n",
       "      <th>3</th>\n",
       "      <td>Row3</td>\n",
       "      <td>73.010381</td>\n",
       "      <td>27.772137</td>\n",
       "      <td>98.371549</td>\n",
       "      <td>35.991205</td>\n",
       "      <td>91.876236</td>\n",
       "      <td>69.850105</td>\n",
       "      <td>95.607810</td>\n",
       "      <td>19.492370</td>\n",
       "      <td>58.231774</td>\n",
       "      <td>...</td>\n",
       "      <td>82.074011</td>\n",
       "      <td>53.015226</td>\n",
       "      <td>26.266369</td>\n",
       "      <td>75.685755</td>\n",
       "      <td>66.373907</td>\n",
       "      <td>56.527297</td>\n",
       "      <td>69.391059</td>\n",
       "      <td>9.138625</td>\n",
       "      <td>2.281882</td>\n",
       "      <td>2019-04-15 08:49:00</td>\n",
       "    </tr>\n",
       "    <tr>\n",
       "      <th>4</th>\n",
       "      <td>Row4</td>\n",
       "      <td>72.549020</td>\n",
       "      <td>18.402556</td>\n",
       "      <td>98.186038</td>\n",
       "      <td>19.591687</td>\n",
       "      <td>91.408672</td>\n",
       "      <td>69.969526</td>\n",
       "      <td>95.607810</td>\n",
       "      <td>8.014898</td>\n",
       "      <td>58.697162</td>\n",
       "      <td>...</td>\n",
       "      <td>82.078296</td>\n",
       "      <td>53.172932</td>\n",
       "      <td>26.605640</td>\n",
       "      <td>75.685755</td>\n",
       "      <td>66.529224</td>\n",
       "      <td>56.640964</td>\n",
       "      <td>69.299560</td>\n",
       "      <td>9.121256</td>\n",
       "      <td>2.269317</td>\n",
       "      <td>2019-04-15 08:48:00</td>\n",
       "    </tr>\n",
       "  </tbody>\n",
       "</table>\n",
       "<p>5 rows × 4220 columns</p>\n",
       "</div>"
      ],
      "text/plain": [
       "  row ID  AEAGHOAWE2T1  AEAGHOAWE2A0  AEAGHOAWE2T0  AEAGHOAWE1A0  \\\n",
       "0   Row0     74.451979     19.111606     98.371549     18.819155   \n",
       "1   Row1     73.933103     18.088026     98.186038     18.943335   \n",
       "2   Row2     73.471742     25.843589     98.371549     33.166077   \n",
       "3   Row3     73.010381     27.772137     98.371549     35.991205   \n",
       "4   Row4     72.549020     18.402556     98.186038     19.591687   \n",
       "\n",
       "   AEAGHOAWE1T1  AEAGHOAWE1T0  AEAGHOAWE3T0  AEAGHOAWE3A0  AEAGHOAWE3T1  ...  \\\n",
       "0     93.337524     69.969526     95.445534      7.802471     57.766387  ...   \n",
       "1     92.869960     69.969526     95.445534     12.856953     58.231774  ...   \n",
       "2     92.343799     69.969526     95.628479     21.591973     58.231774  ...   \n",
       "3     91.876236     69.850105     95.607810     19.492370     58.231774  ...   \n",
       "4     91.408672     69.969526     95.607810      8.014898     58.697162  ...   \n",
       "\n",
       "   RWWIHOT7_RV0  RWWIHOT8_RV0  RWWIHOT9_RV0  RWWIHOT10RV0  RWWIHOTSURV0  \\\n",
       "0     92.632593     44.620461     22.338103     75.685755     73.945394   \n",
       "1     82.082055     53.182296     26.967692     75.685755     66.649583   \n",
       "2     82.098144     53.029243     26.851837     75.685755     66.587330   \n",
       "3     82.074011     53.015226     26.266369     75.685755     66.373907   \n",
       "4     82.078296     53.172932     26.605640     75.685755     66.529224   \n",
       "\n",
       "   RWWIHOTSUMV0  RWWIHO_VERV0  RWWIHO_UESV0  RWWIHOSUMAV0            dateTime  \n",
       "0      0.000000      0.000000      0.000000      0.000000 2019-04-15 08:52:00  \n",
       "1     56.385432     68.734584      9.127668      2.275890 2019-04-15 08:51:00  \n",
       "2     56.402658     68.853203      9.136596      2.275735 2019-04-15 08:50:00  \n",
       "3     56.527297     69.391059      9.138625      2.281882 2019-04-15 08:49:00  \n",
       "4     56.640964     69.299560      9.121256      2.269317 2019-04-15 08:48:00  \n",
       "\n",
       "[5 rows x 4220 columns]"
      ]
     },
     "execution_count": 7,
     "metadata": {},
     "output_type": "execute_result"
    }
   ],
   "source": [
    "test_new.head()"
   ]
  },
  {
   "cell_type": "code",
   "execution_count": 27,
   "metadata": {},
   "outputs": [],
   "source": [
    "# # multivariate_column_label=['DEWIHOBT9_I0','AEDATZ_HO_V0','AEDAHO_T9_V2','AEWIHO_T9AV2','RWWIHOB_HWT0'\n",
    "# #                            ,'RWWIHOB_MWT0']#rmse error 1.99\n",
    "\n",
    "# # multivariate_column_label = ['DEWIHOBT9_I0','AEDATZ_HONP0','AEDATZK_ASP0','AEDATZ_HO_V0',\n",
    "# #                              'AEDAHO_T9_V2','AEWIHO_T9AV2'] #rmse error 1.38\n",
    "\n",
    "# #RWDAKRWRS8V0\n",
    "# # # 'AEDAHO_T8_V2','AEWIHO_T8AV2',\n",
    "multivariate_column_label = ['dateTime','DEWIHOBT9_I0','AEDATZ_HONP0','AEDATZK_ASP0','AEDATZ_HO_V0',\n",
    "                             'AEDATZ_TZCP2','AEDATZKA_8P0','AEDATZ_HO_P1','AEDAHO_T9_V2',\n",
    "                             'RWWIHOB_HWT0','RWWIHOB_MWT0','AEWIHO_T9AV2'] #rmse error 1.94\n",
    "\n",
    "# multivariate_column_label = ['dateTime','DEWIHOBT9_I0','AEDATZ_HONP0','AEDATZK_ASP0','RWWIHOB_MWT0','AEWIHO_T9AV2']\n",
    "size_column = len(multivariate_column_label)\n",
    "# print(size_column)\n",
    "\n",
    "# print(type(multivariate_column_label))\n",
    "\n",
    "# my_test = test_new.iloc[:][multivariate_column_label]"
   ]
  },
  {
   "cell_type": "code",
   "execution_count": 8,
   "metadata": {},
   "outputs": [],
   "source": [
    "# for i , j in enumerate(my_test):\n",
    "#     print(j)\n",
    "\n",
    "my_test = test_new"
   ]
  },
  {
   "cell_type": "code",
   "execution_count": 9,
   "metadata": {
    "scrolled": false
   },
   "outputs": [
    {
     "data": {
      "text/html": [
       "<div>\n",
       "<style scoped>\n",
       "    .dataframe tbody tr th:only-of-type {\n",
       "        vertical-align: middle;\n",
       "    }\n",
       "\n",
       "    .dataframe tbody tr th {\n",
       "        vertical-align: top;\n",
       "    }\n",
       "\n",
       "    .dataframe thead th {\n",
       "        text-align: right;\n",
       "    }\n",
       "</style>\n",
       "<table border=\"1\" class=\"dataframe\">\n",
       "  <thead>\n",
       "    <tr style=\"text-align: right;\">\n",
       "      <th></th>\n",
       "      <th>row ID</th>\n",
       "      <th>AEAGHOAWE2T1</th>\n",
       "      <th>AEAGHOAWE2A0</th>\n",
       "      <th>AEAGHOAWE2T0</th>\n",
       "      <th>AEAGHOAWE1A0</th>\n",
       "      <th>AEAGHOAWE1T1</th>\n",
       "      <th>AEAGHOAWE1T0</th>\n",
       "      <th>AEAGHOAWE3T0</th>\n",
       "      <th>AEAGHOAWE3A0</th>\n",
       "      <th>AEAGHOAWE3T1</th>\n",
       "      <th>...</th>\n",
       "      <th>RWWIHOT7_RV0</th>\n",
       "      <th>RWWIHOT8_RV0</th>\n",
       "      <th>RWWIHOT9_RV0</th>\n",
       "      <th>RWWIHOT10RV0</th>\n",
       "      <th>RWWIHOTSURV0</th>\n",
       "      <th>RWWIHOTSUMV0</th>\n",
       "      <th>RWWIHO_VERV0</th>\n",
       "      <th>RWWIHO_UESV0</th>\n",
       "      <th>RWWIHOSUMAV0</th>\n",
       "      <th>dateTime</th>\n",
       "    </tr>\n",
       "  </thead>\n",
       "  <tbody>\n",
       "    <tr>\n",
       "      <th>4</th>\n",
       "      <td>Row4</td>\n",
       "      <td>72.549020</td>\n",
       "      <td>18.402556</td>\n",
       "      <td>98.186038</td>\n",
       "      <td>19.591687</td>\n",
       "      <td>91.408672</td>\n",
       "      <td>69.969526</td>\n",
       "      <td>95.607810</td>\n",
       "      <td>8.014898</td>\n",
       "      <td>58.697162</td>\n",
       "      <td>...</td>\n",
       "      <td>82.078296</td>\n",
       "      <td>53.172932</td>\n",
       "      <td>26.605640</td>\n",
       "      <td>75.685755</td>\n",
       "      <td>66.529224</td>\n",
       "      <td>56.640964</td>\n",
       "      <td>69.299560</td>\n",
       "      <td>9.121256</td>\n",
       "      <td>2.269317</td>\n",
       "      <td>2019-04-15 08:48:00</td>\n",
       "    </tr>\n",
       "    <tr>\n",
       "      <th>3</th>\n",
       "      <td>Row3</td>\n",
       "      <td>73.010381</td>\n",
       "      <td>27.772137</td>\n",
       "      <td>98.371549</td>\n",
       "      <td>35.991205</td>\n",
       "      <td>91.876236</td>\n",
       "      <td>69.850105</td>\n",
       "      <td>95.607810</td>\n",
       "      <td>19.492370</td>\n",
       "      <td>58.231774</td>\n",
       "      <td>...</td>\n",
       "      <td>82.074011</td>\n",
       "      <td>53.015226</td>\n",
       "      <td>26.266369</td>\n",
       "      <td>75.685755</td>\n",
       "      <td>66.373907</td>\n",
       "      <td>56.527297</td>\n",
       "      <td>69.391059</td>\n",
       "      <td>9.138625</td>\n",
       "      <td>2.281882</td>\n",
       "      <td>2019-04-15 08:49:00</td>\n",
       "    </tr>\n",
       "    <tr>\n",
       "      <th>2</th>\n",
       "      <td>Row2</td>\n",
       "      <td>73.471742</td>\n",
       "      <td>25.843589</td>\n",
       "      <td>98.371549</td>\n",
       "      <td>33.166077</td>\n",
       "      <td>92.343799</td>\n",
       "      <td>69.969526</td>\n",
       "      <td>95.628479</td>\n",
       "      <td>21.591973</td>\n",
       "      <td>58.231774</td>\n",
       "      <td>...</td>\n",
       "      <td>82.098144</td>\n",
       "      <td>53.029243</td>\n",
       "      <td>26.851837</td>\n",
       "      <td>75.685755</td>\n",
       "      <td>66.587330</td>\n",
       "      <td>56.402658</td>\n",
       "      <td>68.853203</td>\n",
       "      <td>9.136596</td>\n",
       "      <td>2.275735</td>\n",
       "      <td>2019-04-15 08:50:00</td>\n",
       "    </tr>\n",
       "    <tr>\n",
       "      <th>1</th>\n",
       "      <td>Row1</td>\n",
       "      <td>73.933103</td>\n",
       "      <td>18.088026</td>\n",
       "      <td>98.186038</td>\n",
       "      <td>18.943335</td>\n",
       "      <td>92.869960</td>\n",
       "      <td>69.969526</td>\n",
       "      <td>95.445534</td>\n",
       "      <td>12.856953</td>\n",
       "      <td>58.231774</td>\n",
       "      <td>...</td>\n",
       "      <td>82.082055</td>\n",
       "      <td>53.182296</td>\n",
       "      <td>26.967692</td>\n",
       "      <td>75.685755</td>\n",
       "      <td>66.649583</td>\n",
       "      <td>56.385432</td>\n",
       "      <td>68.734584</td>\n",
       "      <td>9.127668</td>\n",
       "      <td>2.275890</td>\n",
       "      <td>2019-04-15 08:51:00</td>\n",
       "    </tr>\n",
       "    <tr>\n",
       "      <th>0</th>\n",
       "      <td>Row0</td>\n",
       "      <td>74.451979</td>\n",
       "      <td>19.111606</td>\n",
       "      <td>98.371549</td>\n",
       "      <td>18.819155</td>\n",
       "      <td>93.337524</td>\n",
       "      <td>69.969526</td>\n",
       "      <td>95.445534</td>\n",
       "      <td>7.802471</td>\n",
       "      <td>57.766387</td>\n",
       "      <td>...</td>\n",
       "      <td>92.632593</td>\n",
       "      <td>44.620461</td>\n",
       "      <td>22.338103</td>\n",
       "      <td>75.685755</td>\n",
       "      <td>73.945394</td>\n",
       "      <td>0.000000</td>\n",
       "      <td>0.000000</td>\n",
       "      <td>0.000000</td>\n",
       "      <td>0.000000</td>\n",
       "      <td>2019-04-15 08:52:00</td>\n",
       "    </tr>\n",
       "  </tbody>\n",
       "</table>\n",
       "<p>5 rows × 4220 columns</p>\n",
       "</div>"
      ],
      "text/plain": [
       "  row ID  AEAGHOAWE2T1  AEAGHOAWE2A0  AEAGHOAWE2T0  AEAGHOAWE1A0  \\\n",
       "4   Row4     72.549020     18.402556     98.186038     19.591687   \n",
       "3   Row3     73.010381     27.772137     98.371549     35.991205   \n",
       "2   Row2     73.471742     25.843589     98.371549     33.166077   \n",
       "1   Row1     73.933103     18.088026     98.186038     18.943335   \n",
       "0   Row0     74.451979     19.111606     98.371549     18.819155   \n",
       "\n",
       "   AEAGHOAWE1T1  AEAGHOAWE1T0  AEAGHOAWE3T0  AEAGHOAWE3A0  AEAGHOAWE3T1  ...  \\\n",
       "4     91.408672     69.969526     95.607810      8.014898     58.697162  ...   \n",
       "3     91.876236     69.850105     95.607810     19.492370     58.231774  ...   \n",
       "2     92.343799     69.969526     95.628479     21.591973     58.231774  ...   \n",
       "1     92.869960     69.969526     95.445534     12.856953     58.231774  ...   \n",
       "0     93.337524     69.969526     95.445534      7.802471     57.766387  ...   \n",
       "\n",
       "   RWWIHOT7_RV0  RWWIHOT8_RV0  RWWIHOT9_RV0  RWWIHOT10RV0  RWWIHOTSURV0  \\\n",
       "4     82.078296     53.172932     26.605640     75.685755     66.529224   \n",
       "3     82.074011     53.015226     26.266369     75.685755     66.373907   \n",
       "2     82.098144     53.029243     26.851837     75.685755     66.587330   \n",
       "1     82.082055     53.182296     26.967692     75.685755     66.649583   \n",
       "0     92.632593     44.620461     22.338103     75.685755     73.945394   \n",
       "\n",
       "   RWWIHOTSUMV0  RWWIHO_VERV0  RWWIHO_UESV0  RWWIHOSUMAV0            dateTime  \n",
       "4     56.640964     69.299560      9.121256      2.269317 2019-04-15 08:48:00  \n",
       "3     56.527297     69.391059      9.138625      2.281882 2019-04-15 08:49:00  \n",
       "2     56.402658     68.853203      9.136596      2.275735 2019-04-15 08:50:00  \n",
       "1     56.385432     68.734584      9.127668      2.275890 2019-04-15 08:51:00  \n",
       "0      0.000000      0.000000      0.000000      0.000000 2019-04-15 08:52:00  \n",
       "\n",
       "[5 rows x 4220 columns]"
      ]
     },
     "execution_count": 9,
     "metadata": {},
     "output_type": "execute_result"
    }
   ],
   "source": [
    "# in this csv file time are order in present to past. Below function will alter it\n",
    "# here also start and end row has passsed.\n",
    "# If you want to pass your own desired column name also can pass using multivariate column label.\n",
    "# take a look at the previous cell\n",
    "\n",
    "def alter_time(dataframe, start_pos, end_pos):\n",
    "#     multivariate_data=test_new.iloc[start_pos:end_pos][multivariate_column_label] # comment out this line if you pass column label\n",
    "    dataframe=dataframe.iloc[start_pos:end_pos][:]\n",
    "    dataframe=dataframe.loc[::-1]\n",
    "    \n",
    "    return dataframe\n",
    "\n",
    "start_pos = 0\n",
    "end_pos = 25000\n",
    "multivariate_data = alter_time(my_test, start_pos, end_pos)\n",
    "multivariate_data.tail()"
   ]
  },
  {
   "cell_type": "code",
   "execution_count": null,
   "metadata": {},
   "outputs": [],
   "source": [
    "multivariate_data_copy = multivariate_data.copy()\n",
    "multivariate_data_copy.head()"
   ]
  },
  {
   "cell_type": "code",
   "execution_count": 22,
   "metadata": {},
   "outputs": [
    {
     "data": {
      "text/html": [
       "<div>\n",
       "<style scoped>\n",
       "    .dataframe tbody tr th:only-of-type {\n",
       "        vertical-align: middle;\n",
       "    }\n",
       "\n",
       "    .dataframe tbody tr th {\n",
       "        vertical-align: top;\n",
       "    }\n",
       "\n",
       "    .dataframe thead th {\n",
       "        text-align: right;\n",
       "    }\n",
       "</style>\n",
       "<table border=\"1\" class=\"dataframe\">\n",
       "  <thead>\n",
       "    <tr style=\"text-align: right;\">\n",
       "      <th></th>\n",
       "      <th>dateTime</th>\n",
       "      <th>DEWIHOBT9_I0</th>\n",
       "      <th>AEDATZ_HONP0</th>\n",
       "      <th>AEDATZK_ASP0</th>\n",
       "      <th>RWWIHOB_MWT0</th>\n",
       "      <th>AEWIHO_T9AV2</th>\n",
       "    </tr>\n",
       "  </thead>\n",
       "  <tbody>\n",
       "    <tr>\n",
       "      <th>24999</th>\n",
       "      <td>2019-03-11 03:14:00</td>\n",
       "      <td>100.0</td>\n",
       "      <td>97.304518</td>\n",
       "      <td>97.482960</td>\n",
       "      <td>96.594824</td>\n",
       "      <td>79.178306</td>\n",
       "    </tr>\n",
       "    <tr>\n",
       "      <th>24998</th>\n",
       "      <td>2019-03-11 03:15:00</td>\n",
       "      <td>100.0</td>\n",
       "      <td>96.950979</td>\n",
       "      <td>97.167113</td>\n",
       "      <td>96.529931</td>\n",
       "      <td>81.659117</td>\n",
       "    </tr>\n",
       "    <tr>\n",
       "      <th>24997</th>\n",
       "      <td>2019-03-11 03:16:00</td>\n",
       "      <td>100.0</td>\n",
       "      <td>96.722113</td>\n",
       "      <td>96.937628</td>\n",
       "      <td>96.404936</td>\n",
       "      <td>86.055430</td>\n",
       "    </tr>\n",
       "    <tr>\n",
       "      <th>24996</th>\n",
       "      <td>2019-03-11 03:17:00</td>\n",
       "      <td>100.0</td>\n",
       "      <td>96.671992</td>\n",
       "      <td>96.868238</td>\n",
       "      <td>96.295169</td>\n",
       "      <td>87.113691</td>\n",
       "    </tr>\n",
       "    <tr>\n",
       "      <th>24995</th>\n",
       "      <td>2019-03-11 03:18:00</td>\n",
       "      <td>100.0</td>\n",
       "      <td>96.717532</td>\n",
       "      <td>96.901785</td>\n",
       "      <td>96.264723</td>\n",
       "      <td>87.266264</td>\n",
       "    </tr>\n",
       "  </tbody>\n",
       "</table>\n",
       "</div>"
      ],
      "text/plain": [
       "                 dateTime  DEWIHOBT9_I0  AEDATZ_HONP0  AEDATZK_ASP0  \\\n",
       "24999 2019-03-11 03:14:00         100.0     97.304518     97.482960   \n",
       "24998 2019-03-11 03:15:00         100.0     96.950979     97.167113   \n",
       "24997 2019-03-11 03:16:00         100.0     96.722113     96.937628   \n",
       "24996 2019-03-11 03:17:00         100.0     96.671992     96.868238   \n",
       "24995 2019-03-11 03:18:00         100.0     96.717532     96.901785   \n",
       "\n",
       "       RWWIHOB_MWT0  AEWIHO_T9AV2  \n",
       "24999     96.594824     79.178306  \n",
       "24998     96.529931     81.659117  \n",
       "24997     96.404936     86.055430  \n",
       "24996     96.295169     87.113691  \n",
       "24995     96.264723     87.266264  "
      ]
     },
     "execution_count": 22,
     "metadata": {},
     "output_type": "execute_result"
    }
   ],
   "source": [
    "multivariate_data.head()"
   ]
  },
  {
   "cell_type": "code",
   "execution_count": 8,
   "metadata": {
    "scrolled": true
   },
   "outputs": [
    {
     "name": "stdout",
     "output_type": "stream",
     "text": [
      "it will leave the place:  row ID\n",
      "it will take the place:  dateTime\n",
      "it will leave the place:  row ID\n",
      "it will take the place:  AEWIHO_T9AV2\n"
     ]
    }
   ],
   "source": [
    "def rearrge_frame(dataframe,colname,col_pos):\n",
    "    \n",
    "    list_col=dataframe.columns.to_list()\n",
    "#     print('list_col: ', list_col)\n",
    "    temp_list=list_col\n",
    "#     print('temp_list: ', temp_list)\n",
    "    for idx,i in enumerate(colname):\n",
    "#         print(idx,'\\t',i)\n",
    "#         print('required col pos: ',col_pos[idx])\n",
    "        sacrifice_val = temp_list[col_pos[idx]]\n",
    "        print('it will leave the place: ',sacrifice_val)\n",
    "        print('it will take the place: ', colname[idx])\n",
    "        \n",
    "        indx=dataframe.columns.get_loc(i)\n",
    "#         print('present index of',i,' in frame is: ',indx)\n",
    "        temp_list[col_pos[idx]]=i\n",
    "#         print('here changed done: ',temp_list[col_pos[idx]])\n",
    "        temp_list[indx]=sacrifice_val\n",
    "#         print('but now: ',temp_list[indx])\n",
    "#     print('list: ',list_col)\n",
    "#     print('\\n temp list: ',temp_list)\n",
    "    return dataframe.iloc[:][temp_list]\n",
    "index_array=[0,-1]\n",
    "req_column_name = ['dateTime','AEWIHO_T9AV2']\n",
    "f_2=rearrge_frame(multivariate_data,req_column_name,index_array)"
   ]
  },
  {
   "cell_type": "code",
   "execution_count": 9,
   "metadata": {},
   "outputs": [
    {
     "data": {
      "text/html": [
       "<div>\n",
       "<style scoped>\n",
       "    .dataframe tbody tr th:only-of-type {\n",
       "        vertical-align: middle;\n",
       "    }\n",
       "\n",
       "    .dataframe tbody tr th {\n",
       "        vertical-align: top;\n",
       "    }\n",
       "\n",
       "    .dataframe thead th {\n",
       "        text-align: right;\n",
       "    }\n",
       "</style>\n",
       "<table border=\"1\" class=\"dataframe\">\n",
       "  <thead>\n",
       "    <tr style=\"text-align: right;\">\n",
       "      <th></th>\n",
       "      <th>dateTime</th>\n",
       "      <th>AEAGHOAWE2T1</th>\n",
       "      <th>AEAGHOAWE2A0</th>\n",
       "      <th>AEAGHOAWE2T0</th>\n",
       "      <th>AEAGHOAWE1A0</th>\n",
       "      <th>AEAGHOAWE1T1</th>\n",
       "      <th>AEAGHOAWE1T0</th>\n",
       "      <th>AEAGHOAWE3T0</th>\n",
       "      <th>AEAGHOAWE3A0</th>\n",
       "      <th>AEAGHOAWE3T1</th>\n",
       "      <th>...</th>\n",
       "      <th>RWWIHOT7_RV0</th>\n",
       "      <th>RWWIHOT8_RV0</th>\n",
       "      <th>RWWIHOT9_RV0</th>\n",
       "      <th>RWWIHOT10RV0</th>\n",
       "      <th>RWWIHOTSURV0</th>\n",
       "      <th>RWWIHOTSUMV0</th>\n",
       "      <th>RWWIHO_VERV0</th>\n",
       "      <th>RWWIHO_UESV0</th>\n",
       "      <th>RWWIHOSUMAV0</th>\n",
       "      <th>AEWIHO_T9AV2</th>\n",
       "    </tr>\n",
       "  </thead>\n",
       "  <tbody>\n",
       "    <tr>\n",
       "      <th>24999</th>\n",
       "      <td>2019-03-11 03:14:00</td>\n",
       "      <td>72.030143</td>\n",
       "      <td>21.542766</td>\n",
       "      <td>94.083085</td>\n",
       "      <td>22.656925</td>\n",
       "      <td>82.875638</td>\n",
       "      <td>67.650387</td>\n",
       "      <td>95.811415</td>\n",
       "      <td>11.299942</td>\n",
       "      <td>60.849423</td>\n",
       "      <td>...</td>\n",
       "      <td>92.507129</td>\n",
       "      <td>44.620461</td>\n",
       "      <td>28.127074</td>\n",
       "      <td>82.825607</td>\n",
       "      <td>78.104338</td>\n",
       "      <td>67.050713</td>\n",
       "      <td>75.017129</td>\n",
       "      <td>0.385938</td>\n",
       "      <td>5.503583</td>\n",
       "      <td>79.178306</td>\n",
       "    </tr>\n",
       "    <tr>\n",
       "      <th>24998</th>\n",
       "      <td>2019-03-11 03:15:00</td>\n",
       "      <td>72.491504</td>\n",
       "      <td>26.431470</td>\n",
       "      <td>94.083085</td>\n",
       "      <td>27.250685</td>\n",
       "      <td>82.875638</td>\n",
       "      <td>67.530966</td>\n",
       "      <td>95.648382</td>\n",
       "      <td>15.316148</td>\n",
       "      <td>60.849423</td>\n",
       "      <td>...</td>\n",
       "      <td>92.521725</td>\n",
       "      <td>44.620461</td>\n",
       "      <td>30.234661</td>\n",
       "      <td>82.718776</td>\n",
       "      <td>78.744878</td>\n",
       "      <td>67.904313</td>\n",
       "      <td>74.995147</td>\n",
       "      <td>0.391870</td>\n",
       "      <td>5.464381</td>\n",
       "      <td>81.659117</td>\n",
       "    </tr>\n",
       "    <tr>\n",
       "      <th>24997</th>\n",
       "      <td>2019-03-11 03:16:00</td>\n",
       "      <td>72.952865</td>\n",
       "      <td>16.340439</td>\n",
       "      <td>94.083085</td>\n",
       "      <td>9.402699</td>\n",
       "      <td>83.810765</td>\n",
       "      <td>67.501116</td>\n",
       "      <td>95.648382</td>\n",
       "      <td>7.900882</td>\n",
       "      <td>60.384036</td>\n",
       "      <td>...</td>\n",
       "      <td>92.484799</td>\n",
       "      <td>44.620461</td>\n",
       "      <td>33.680038</td>\n",
       "      <td>82.812397</td>\n",
       "      <td>79.820670</td>\n",
       "      <td>69.482925</td>\n",
       "      <td>75.118191</td>\n",
       "      <td>0.391758</td>\n",
       "      <td>5.461172</td>\n",
       "      <td>86.055430</td>\n",
       "    </tr>\n",
       "    <tr>\n",
       "      <th>24996</th>\n",
       "      <td>2019-03-11 03:17:00</td>\n",
       "      <td>73.414226</td>\n",
       "      <td>25.111296</td>\n",
       "      <td>94.247637</td>\n",
       "      <td>20.460754</td>\n",
       "      <td>84.336621</td>\n",
       "      <td>67.501116</td>\n",
       "      <td>95.648382</td>\n",
       "      <td>8.682349</td>\n",
       "      <td>60.384036</td>\n",
       "      <td>...</td>\n",
       "      <td>92.458005</td>\n",
       "      <td>44.620461</td>\n",
       "      <td>36.388113</td>\n",
       "      <td>82.644399</td>\n",
       "      <td>80.584952</td>\n",
       "      <td>69.763910</td>\n",
       "      <td>74.112424</td>\n",
       "      <td>0.396539</td>\n",
       "      <td>5.446945</td>\n",
       "      <td>87.113691</td>\n",
       "    </tr>\n",
       "    <tr>\n",
       "      <th>24995</th>\n",
       "      <td>2019-03-11 03:18:00</td>\n",
       "      <td>73.875587</td>\n",
       "      <td>26.183628</td>\n",
       "      <td>94.247637</td>\n",
       "      <td>26.243646</td>\n",
       "      <td>84.862783</td>\n",
       "      <td>67.635740</td>\n",
       "      <td>95.486096</td>\n",
       "      <td>16.656556</td>\n",
       "      <td>60.384036</td>\n",
       "      <td>...</td>\n",
       "      <td>92.467179</td>\n",
       "      <td>44.620461</td>\n",
       "      <td>35.372044</td>\n",
       "      <td>82.999752</td>\n",
       "      <td>80.398505</td>\n",
       "      <td>69.927938</td>\n",
       "      <td>74.680827</td>\n",
       "      <td>0.390438</td>\n",
       "      <td>5.434438</td>\n",
       "      <td>87.266264</td>\n",
       "    </tr>\n",
       "  </tbody>\n",
       "</table>\n",
       "<p>5 rows × 4220 columns</p>\n",
       "</div>"
      ],
      "text/plain": [
       "                 dateTime  AEAGHOAWE2T1  AEAGHOAWE2A0  AEAGHOAWE2T0  \\\n",
       "24999 2019-03-11 03:14:00     72.030143     21.542766     94.083085   \n",
       "24998 2019-03-11 03:15:00     72.491504     26.431470     94.083085   \n",
       "24997 2019-03-11 03:16:00     72.952865     16.340439     94.083085   \n",
       "24996 2019-03-11 03:17:00     73.414226     25.111296     94.247637   \n",
       "24995 2019-03-11 03:18:00     73.875587     26.183628     94.247637   \n",
       "\n",
       "       AEAGHOAWE1A0  AEAGHOAWE1T1  AEAGHOAWE1T0  AEAGHOAWE3T0  AEAGHOAWE3A0  \\\n",
       "24999     22.656925     82.875638     67.650387     95.811415     11.299942   \n",
       "24998     27.250685     82.875638     67.530966     95.648382     15.316148   \n",
       "24997      9.402699     83.810765     67.501116     95.648382      7.900882   \n",
       "24996     20.460754     84.336621     67.501116     95.648382      8.682349   \n",
       "24995     26.243646     84.862783     67.635740     95.486096     16.656556   \n",
       "\n",
       "       AEAGHOAWE3T1  ...  RWWIHOT7_RV0  RWWIHOT8_RV0  RWWIHOT9_RV0  \\\n",
       "24999     60.849423  ...     92.507129     44.620461     28.127074   \n",
       "24998     60.849423  ...     92.521725     44.620461     30.234661   \n",
       "24997     60.384036  ...     92.484799     44.620461     33.680038   \n",
       "24996     60.384036  ...     92.458005     44.620461     36.388113   \n",
       "24995     60.384036  ...     92.467179     44.620461     35.372044   \n",
       "\n",
       "       RWWIHOT10RV0  RWWIHOTSURV0  RWWIHOTSUMV0  RWWIHO_VERV0  RWWIHO_UESV0  \\\n",
       "24999     82.825607     78.104338     67.050713     75.017129      0.385938   \n",
       "24998     82.718776     78.744878     67.904313     74.995147      0.391870   \n",
       "24997     82.812397     79.820670     69.482925     75.118191      0.391758   \n",
       "24996     82.644399     80.584952     69.763910     74.112424      0.396539   \n",
       "24995     82.999752     80.398505     69.927938     74.680827      0.390438   \n",
       "\n",
       "       RWWIHOSUMAV0  AEWIHO_T9AV2  \n",
       "24999      5.503583     79.178306  \n",
       "24998      5.464381     81.659117  \n",
       "24997      5.461172     86.055430  \n",
       "24996      5.446945     87.113691  \n",
       "24995      5.434438     87.266264  \n",
       "\n",
       "[5 rows x 4220 columns]"
      ]
     },
     "execution_count": 9,
     "metadata": {},
     "output_type": "execute_result"
    }
   ],
   "source": [
    "f_2.head()"
   ]
  },
  {
   "cell_type": "code",
   "execution_count": null,
   "metadata": {
    "scrolled": true
   },
   "outputs": [],
   "source": [
    "# # function for changing column order. pass dataframe, column name, which order you want to set for the column\n",
    "# def change_column_order(df, col_name, index):\n",
    "#     print(index)\n",
    "#     cols = df.columns.tolist()\n",
    "#     print('printing col length b4 remove',len(cols))\n",
    "#     cols.remove(col_name)\n",
    "#     print('printing col length after remove',len(cols))\n",
    "#     cols.insert(index, col_name)\n",
    "#     return df[cols]\n",
    "\n",
    "# # take the following code in the main file\n",
    "# last_position_of_dataframe = int(multivariate_data_copy.shape[-1]-1)\n",
    "# index_array=[0,-1]\n",
    "# # index_array = np.array(index_array)\n",
    "# req_column_name = ['dateTime','AEWIHO_T9AV2']\n",
    "# for i in range(len(index_array)):\n",
    "#     print(i)\n",
    "#     print(index_array[i],'\\t',req_column_name[i])\n",
    "#     column_name = req_column_name[i]\n",
    "#     index_position = index_array[i]\n",
    "    \n",
    "#     multivariate_data_copy = change_column_order(multivariate_data_copy,column_name,index_position)\n",
    "#     #multivariate_data_copy = multivariate_data_changed_order"
   ]
  },
  {
   "cell_type": "code",
   "execution_count": null,
   "metadata": {},
   "outputs": [],
   "source": [
    "# def rearrge_frame(dataframe,colname,col_pos):\n",
    "    \n",
    "#     list_col=dataframe.columns.to_list()\n",
    "#     temp_list=list_col\n",
    "#     for idx,i in enumerate(colname):\n",
    "#         indx=dataframe.columns.get_loc(i)\n",
    "#         temp_list[col_pos[idx]]=i\n",
    "#         temp_list[indx]=list_col[idx]\n",
    "        \n",
    "#     return dataframe.iloc[:][temp_list]\n",
    "# index_array=[0,-1]\n",
    "# req_column_name = ['dateTime','AEWIHO_T9AV2']\n",
    "# f=rearrge_frame(multivariate_data_copy,req_column_name,index_array)\n",
    "\n",
    "\n",
    "    "
   ]
  },
  {
   "cell_type": "markdown",
   "metadata": {},
   "source": [
    "# below function is working"
   ]
  },
  {
   "cell_type": "code",
   "execution_count": null,
   "metadata": {},
   "outputs": [],
   "source": [
    "# def keep_100(data_frame,col_name,val):\n",
    "#     df = data_frame[(data_frame[[col_name]] == val).all(axis=1)]\n",
    "#     return df\n",
    "\n",
    "# keep_100_frame = keep_100(reorder_frame,'DEWIHOBT9_I0',100)\n",
    "# print(reorder_frame.shape)\n",
    "# print(keep_100_frame.shape)"
   ]
